{
  "individuals": {
    "Invalid": {
      "id": 0,
      "color": "#FFFFFF"
    },
    "Chandra": {
      "id": 1,
      "color": "#F5FFC6"
    },
    "Indi": {
      "id": 2,
      "color": "#B4E1FF"
    },
    "Farha": {
      "id": 3,
      "color": "#AB87FF"
    },
    "Panang": {
      "id": 4,
      "color": "#EDBBB4"
    },
    "Thai": {
      "id": 5,
      "color": "#C1FF9B"
    }
  },
  "behaviours": {
    "Invalid": {
      "id": 0,
      "color": "#FFFFFF"
    },
    "Standing": {
      "id": 1,
      "color": "#7FB069"
    },
    "SleepL": {
      "id": 2,
      "color": "#197278"
    },
    "SleepR": {
      "id": 3,
      "color": "#FF6978"
    }
  },
  "map": {
    "image": "kkep_floorplan.png",
    "T_map_from_world2": [
      [
        35.43341611079362,
        0.0,
        4278.915067350808
      ],
      [
        0.0,
        35.44226513454969,
        3656.779744620961
      ],
      [
        0.0,
        0.0,
        1.0
      ]
    ]
  },
  "db": {
    "enabled": false,
    "logon": "UID=dherrera;Database=zoo_vision;DSN=postgresql"
  },
  "models": {
    "elephant_label_id": 0,
    "score_threshold": 0.9,
    "segmentation": "../models/segmentation/mask2former/freeze_encoder_q100/config.ptc",
    "embeddings": "../models/identity/vit/all/config_embeddings.ptc",
    "quality": "../models/certainty/vit/v4/config.ptc",
    "identity": "../models/identity/vit/v4/config.ptc",
    "behaviour": "../models/sleep/vit/v2_no_validation/config.ptc"
  },
  "rerun_config": {
    "low_res": false,
    "save_to_disk": false,
    "recording_prefix": "debug/zoo_vision_",
    "max_seconds_per_recording": 1800
  },
  "record_tracks": false,
  "live_stream": false,
  "video_db": "/media/dherrera/ElephantsWD/elephants/videos/video_db.json",
  "replay_time": "2025-01-25T05:00:29",
  "enabled_cameras": [
    "zag_elp_cam_016",
    "zag_elp_cam_017",
    "zag_elp_cam_018",
    "zag_elp_cam_019"
  ],
  "cameras": {
    "zag_elp_cam_016": {
      "stream": {
        "ip": "192.168.0.26",
        "protocol": "rtsp",
        "url": ""
      },
      "sample_image": "cameras/zag_elp_cam_016/sample.jpg",
      "intrinsics": {
        "width": 2688,
        "height": 1520,
        "K": [
          [
            978.3519897075522,
            0.0,
            1344.0
          ],
          [
            0.0,
            978.3519897075522,
            760.0
          ],
          [
            0.0,
            0.0,
            1.0
          ]
        ],
        "distortion": [
          0,
          0,
          0
        ],
        "undistortion": [
          0,
          0,
          0
        ]
      },
      "T_world_from_camera": {
        "R": [
          [
            -0.7471106329807193,
            -0.238427648597295,
            -0.6204659204755034
          ],
          [
            -0.6631492694311147,
            0.20364438690357803,
            0.7202513520540206
          ],
          [
            -0.045373434299464534,
            0.9495689654085323,
            -0.31025800778197776
          ]
        ],
        "t": [
          -56.977714557895894,
          -64.52126378758183,
          6.0
        ]
      },
      "H_world2_from_camera": [
        [
          1.3040855873945352,
          6.4445780601327325,
          211.75885634515137
        ],
        [
          1.2493195950805243,
          8.066379155428042,
          -2172.854470471335
        ],
        [
          -0.009199474653226826,
          -0.11981404276928842,
          1.0
        ]
      ]
    },
    "zag_elp_cam_017": {
      "stream": {
        "ip": "192.168.0.27",
        "protocol": "rtsp",
        "url": ""
      },
      "sample_image": "cameras/zag_elp_cam_017/ZAG-ELP-CAM-017_sample.jpg",
      "intrinsics": {
        "width": 2688,
        "height": 1520,
        "K": [
          [
            978.3519897075522,
            0.0,
            1344.0
          ],
          [
            0.0,
            978.3519897075522,
            760.0
          ],
          [
            0.0,
            0.0,
            1.0
          ]
        ],
        "distortion": [
          0,
          0,
          0
        ],
        "undistortion": [
          0,
          0,
          0
        ]
      },
      "T_world_from_camera": {
        "R": [
          [
            -0.748847089164946,
            -0.23007764256390148,
            -0.6215241873341897
          ],
          [
            -0.6625883957026004,
            0.28015220677043584,
            0.6946159794605283
          ],
          [
            0.014305765601381222,
            0.9319758684825978,
            -0.36223794063662884
          ]
        ],
        "t": [
          -49.75289607103973,
          -58.59613459748977,
          6.0
        ]
      },
      "H_world2_from_camera": [
        [
          0.005096125967092458,
          0.1045910185816158,
          -49.805413772831876
        ],
        [
          0.0043522343555872,
          0.12752371202740495,
          -85.0377288189885
        ],
        [
          7.50879913770818e-05,
          -0.002170644694079776,
          1.0
        ]
      ]
    },
    "zag_elp_cam_018": {
      "stream": {
        "ip": "192.168.0.28",
        "protocol": "rtsp",
        "url": ""
      },
      "sample_image": "cameras/zag_elp_cam_018/sample.jpg",
      "intrinsics": {
        "width": 2688,
        "height": 1520,
        "K": [
          [
            978.3519897075522,
            0.0,
            1344.0
          ],
          [
            0.0,
            978.3519897075522,
            760.0
          ],
          [
            0.0,
            0.0,
            1.0
          ]
        ],
        "distortion": [
          0,
          0,
          0
        ],
        "undistortion": [
          0,
          0,
          0
        ]
      },
      "T_world_from_camera": {
        "R": [
          [
            0.9192358157220735,
            0.17636742204588804,
            0.35199438565787083
          ],
          [
            0.39364696521262665,
            -0.4273871768373546,
            -0.8138687043091685
          ],
          [
            0.006897961486081267,
            0.8866987839824094,
            -0.4622961005799782
          ]
        ],
        "t": [
          -61.211006640038185,
          -41.94934306342162,
          6.0
        ]
      },
      "H_world2_from_camera": [
        [
          0.034556947870708433,
          -0.5699596452865379,
          -110.63118853808477
        ],
        [
          -0.004826559375906313,
          -0.34331642866627216,
          -207.14524463269368
        ],
        [
          0.0006550561098451278,
          0.009381718330119887,
          1.0
        ]
      ]
    },
    "zag_elp_cam_019": {
      "stream": {
        "ip": "192.168.0.29",
        "protocol": "rtsp",
        "url": ""
      },
      "sample_image": "cameras/zag_elp_cam_019/sample.jpg",
      "intrinsics": {
        "width": 2688,
        "height": 1520,
        "K": [
          [
            978.3519897075522,
            0.0,
            1344.0
          ],
          [
            0.0,
            978.3519897075522,
            760.0
          ],
          [
            0.0,
            0.0,
            1.0
          ]
        ],
        "distortion": [
          0,
          0,
          0
        ],
        "undistortion": [
          0,
          0,
          0
        ]
      },
      "T_world_from_camera": {
        "R": [
          [
            0.8576531683374545,
            -0.01909257578913079,
            0.5138740277446043
          ],
          [
            0.4695299096780737,
            -0.3784322200709785,
            -0.7977034027317739
          ],
          [
            0.20969670183011013,
            0.9254320765793063,
            -0.3155990571590589
          ]
        ],
        "t": [
          -71.76601489817963,
          -42.06220266704243,
          6.0
        ]
      },
      "H_world2_from_camera": [
        [
          0.031469259828017626,
          -0.10475316315444584,
          -78.38224917368456
        ],
        [
          0.016099219712322338,
          -0.05327731804566848,
          -67.12728244319189
        ],
        [
          -0.00029304514291736894,
          0.0014147694932484306,
          1.0
        ]
      ]
    }
  }
}